646.5	727.9	752.9	9827.3	8638.6	8224.1	3305.7	1442.9	1091.1	11580.4	14095	19265.9
1003	595.8	618.5	10056.8	8620.4	7808.8	2362.8	2792	2475.4	13853.4	11394.2	19258.9
715.1	832.1	818	8678.2	9144	11363.9	3751.5	2793	2300	13591	17703.3	11376.2
1069.6	730.9	785.5	8637.5	10194.3	10297.7	2733.8	2752	2267.4	13853.4	15946.5	13806.1
855.5	1127.5	886.3	10550.4	9545.9	8346.8	4365.6	4564.2	3565.8	15118.6	13001.4	14337.6
798.1	915.2	736.1	9674.4	9124.8	13290.2	2792.2	4908.9	3149.8	13428.9	15402.1	13625.4
481.5	857.1	1270.7	9936.5	10732.4	8123.2	2621	2530.6	5178.7	14389.1	14589.7	14521.4
661.8	1110.5	1630.9	11143.9	9940.7	9809.8	2256.2	1585.1	1389.3	14694.1	15724.9	15529.9


774.5	632.8	817	11568.1	9737.7	8415.1	4275.4	3418.1	3868.4	14933.9	15954.8	24735.8
871.9	812	612.2	13229.9	9103.4	10469.3	3860.2	1988.8	1626.7	13301.4	18342.4	21407.5
876	781	1031.2	11871	9308.4	11162.7	2112.7	2378.4	2157.1	12112.9	16248.4	11477.3
662.9	809	743.5	11693.6	9002.9	9813.8	2707.1	3059.5	5243.8	13656.4	15081.2	16403.7
835	813	709.9	8821	10873.5	9855.6	6640.7	4494.1	3895.7	17450.8	14694.2	12123.8
1284.8	1046.4	999.7	11419.2	9839.2	9149.1	3512.7	3960.1	3516.4	18456.6	15591.1	14001.4
886.2	753	1078.5	10467.7	13285.8	8436.6	4664.9	4428	3132	13404.4	17744	16360.9
886.2	773	617.4	9831.5	6387.4	9559.6	1379	1344.8	3625.7	15053.3	13135.2	12569.1


370.9	541.7	648.9	7996.1	8377.9	7569.9	1175.1	1485	1376.7	13066.6	10921.1	24271.3
1139.3	576.7	724.6	9471.5	10911.1	10955.4	930.3	1619.2	903.1	15147	14606	19691.4
922.1	868.1	466.2	7417.2	8139.4	8900	735.6	2457.5	1282.2	11217.2	12095.7	13723.3
754	655.8	794.9	11729.3	11914	12306.6	1424.1	1216.6	2483.8	12720.8	15535.3	12721.3
753	726.9	969.2	10595.2	9804.7	9124.7	1169	1587.1	3642.5	14283.8	13046	11580.4
795	742	678.4	9808	10339.6	10920.7	2787.1	2535.6	1162.5	17051.8	15567.8	13507.9
882.1	854.1	1542.7	9044.3	8801	12382.1	2322.8	3544.3	727.7	11054.2	15751.7	12332.1
547.1	901.2	811.7	11115.3	10698.8	6255.5	241.8	919.2	962.9	17522.2	12427.5	11457.9


527.6	1179.6	553.4	7835.1	7908.1	7886.4	1003	1670.3	1719.1	16564.8	14772.3	13122.8
645.4	675.9	782.3	9269.6	7705.2	9033.8	937.4	2518.6	2971.2	14044.2	13367	13027.9
729.4	824.1	780.2	10778.8	12168.9	8664.3	3385.6	754	2359.8	13972.7	13365.8	9060.4
770.4	707.9	445.2	8416.2	10071.6	8977.7	1375	1120.5	2032.1	15192.1	11687.6	9259.4
743.8	772	1023.9	8180.8	9602.8	9936.3	1488.7	3437.1	1547.9	13688	9718.4	13785.9
924.1	914.2	742.4	9491.9	10523.2	11196.4	1276.6	1707.3	2452.3	14484.9	14686.1	12985.8
940.5	714.9	884.2	9722.3	9282	5578	966.1	1299.7	2140.3	12912.6	13108	12881.7
759.2	792	730.9	7715	9362.2	8729.6	629	801	772.9	8872	10337.4	11657.9


86.1	113.1	77.7	562	922.2	596.4	92.2	62.1	361.2	3678.6	1758.4	13637.4
131.1	114.1	69.3	1178.1	581.7	262	150.6	147.2	68.3	1889.9	5097.2	13234
108.6	139.2	132.3	763.7	2340.3	1214.3	706.9	249.3	235.2	2442	2521.7	2491.1
99.4	329.4	94.5	432.7	1192.8	373.1	185.4	452.6	351.8	3450.4	1503	2248.4
295	169.2	184.8	964.3	893.9	867.6	171.1	97.1	432.6	1917.5	4735.2	2157.6
141.4	87.1	119.7	337	668.9	713.7	420	129.2	374.9	1881.8	2230.8	662.7
108.6	127.2	130.2	3222.2	3309.5	2625.7	105.5	263.3	119.7	1371.6	3589.3	3957.8
85	91.1	97.7	587.5	775.3	812.6	105.5	257.3	76.7	2479.7	2267.3	4530.1


104.5	75.1	96.6	728	139.8	385.4	560.4	89.1	125	2678.3	2037.2	1393.8
145.5	106.1	132.3	336	324.3	155	93.2	95.1	118.7	1735.2	2109.2	1792.5
64.5	99.1	67.2	280	789.5	1110.3	116.8	74.1	257.3	3508.4	1748.3	855.4
356.5	287.4	92.4	162.9	332.4	1049.1	279.7	139.2	188	5897.7	2844.1	3281.5
290.9	483.6	93.5	819.7	897.9	1181.7	139.3	108.1	253.1	1878.7	3597.4	410.9
108.6	123.2	109.2	921.5	137.8	513.8	102.4	72.1	90.3	3075.5	454	3780.3
76.8	134.2	100.8	1014.1	346.6	719.8	107.6	69.1	174.3	850.2	2285.6	5115.7
110.6	92.1	86.1	451.1	386.1	499.6	127	132.2	402.2	701.5	894.9	1190.9


377	73.1	58.8	149.7	343.5	834	160.8	85.1	239.4	417.5	1212.1	12199.2
85	72.1	153.3	194.5	109.4	434.3	92.2	290.4	77.7	1157.7	1389.5	12280.9
156.7	126.2	110.3	99.8	1306.4	1948.5	96.3	95.1	141.8	6096.4	5617.5	864.6
87.1	117.1	90.3	640.4	1459.4	532.2	270.5	301.4	167	1068.1	2900.9	1912.8
347.3	190.2	100.8	2160.9	955.7	459.8	96.3	373.5	160.7	2764.8	735.8	3565.1
142.4	237.3	146	1638.4	3043.9	242.6	61.5	68.1	293	693.4	2238.9	3208.1
282.8	95.1	68.3	302.4	168.2	100.9	164.9	91.1	79.8	1423.5	4393.4	1597.7
107.6	85.1	108.2	387.9	75	111.1	97.3	228.3	97.7	3178.4	2903	3228.5


57.4	121.2	83	127.3	131.7	109.1	92.2	83.1	67.2	1370.6	1834.5	10063
92.2	103.1	116.6	503	222.9	628	97.3	133.2	106.1	1938.8	1281	10819.5
80.9	271.3	168	1771.8	1680.4	207	110.6	245.3	163.8	2419.6	1519.2	2229
189.5	321.4	287.7	211.8	984.1	1122.6	146.5	111.1	135.5	1963.3	747.9	947.2
343.2	254.3	251	2710.9	984.1	380.3	78.9	262.3	88.2	1236.1	2953.7	680
209	97.1	65.1	1158.8	730.7	2353.4	73.8	124.2	105	2309.6	3491	2615.5
275.6	101.1	157.5	372.7	1892.3	787.1	91.2	96.1	141.8	2217.9	730.7	1198
89.1	93.1	115.5	1537.6	541.2	161.1	129.1	111.1	107.1	2360.5	1823.3	1080.8


168	138.2	169.1	146.6	218.9	426.2	147.5	205.3	237.3	1145.5	501.6	5844.3
151.6	125.2	163.8	1088.5	1105.7	1533.5	131.1	173.2	412.7	1000.9	1283.1	5442.3
120.9	121.2	150.2	1232.1	437.8	1148.1	141.4	640.8	165.9	1352.2	534.1	534.2
176.2	195.2	184.8	1788.1	843.2	1612	87.1	128.2	325.5	1198.5	323.3	707.6
138.3	185.2	202.7	1890	864.5	495.5	176.2	365.5	272	955.1	1005.4	982.9
198.7	401.5	201.6	1103.8	853.3	746.3	162.9	345.4	183.8	1069.1	873.6	252.8
154.7	153.2	160.7	729	341.5	441.5	139.3	103.1	91.4	808.5	907	417
127	99.1	120.8	844.1	217.9	339.5	95.3	204.3	173.3	570.2	994.2	555.7


231.5	201.3	238.4	279	333.4	860.5	148.5	410.5	217.4	799.3	785.4	6101.4
166	198.2	132.3	246.4	833.1	224.3	80.9	282.4	129.2	765.7	1090.5	6949.5
206.9	202.3	165.9	245.4	927.3	249.8	226.4	147.2	138.6	851.2	1014.5	762.6
191.6	216.3	338.1	921.5	1534.4	814.6	526.6	312.4	109.2	1608.9	1238.5	613.8
167	391.5	281.4	2835.1	328.3	347.7	365.7	148.2	122.9	374.7	1123.9	1259.2
132.2	115.1	251	2233.2	1580	387.4	482.5	99.1	378	2263.7	1075.3	820.7
157.8	135.2	203.7	1346.1	270.6	1121.5	265.3	212.3	218.4	694.4	2258.2	889.1
93.2	102.1	156.5	349.2	510.8	333.4	94.2	104.1	213.2	425.6	1598.3	906.4


164.9	191.2	156.5	400.1	274.6	390.5	70.7	122.2	63	498.9	453	3768.1
162.9	115.1	170.1	733.1	511.8	185.6	156.7	286.4	329.7	966.3	542.2	3582.5
182.4	202.3	260.4	1313.5	576.6	1305.1	196.7	239.3	214.2	1921.5	1574	1067.5
110.6	161.2	143.9	378.8	585.8	499.6	121.9	309.4	260.4	964.2	691.2	358.9
223.3	197.2	130.2	850.2	553.3	923.7	241.8	801	228.9	546.8	1041.8	319.1
164.9	135.2	213.2	687.3	194.6	472	418	502.6	71.4	983.6	454	538.3
157.8	209.3	170.1	894	187.5	294.6	182.4	70.1	123.9	875.7	1208.1	382.3
145.5	99.1	131.3	200.6	626.3	364	86.1	98.1	53.6	528.4	942.5	115.2


84	99.1	100.8	287.1	264.5	311	66.6	218.3	393.8	594.6	307.1	4087.4
125	181.2	146	1189.3	265.5	145.8	151.6	102.1	214.2	556.9	766.2	3558
350.4	134.2	179.6	487.7	688.1	225.3	101.4	321.4	78.8	257.6	393.2	504.7
129.1	131.2	194.3	537.6	136.8	1495.8	101.4	142.2	110.3	611.9	596.9	603.6
135.2	136.2	128.1	394	549.3	498.6	121.9	148.2	106.1	1073.2	365.8	1283.7
122.9	200.2	148.1	177.2	521.9	374.2	179.3	188.2	252	606.8	270.6	581.1
96.3	136.2	114.5	706.6	284.8	273.2	96.3	394.5	131.3	286.1	193.6	909.5
13.3	94.1	164.9	320.7	388.1	574	206.9	92.1	65.1	675.1	862.4	102
